[0, 0, 0, 0, 0, 0, 0, 0, 5, 0, 0, 26, 2, 0, 0, 0, 149, 1, 0, 12, 0, 25, 0, 0, 4, 0, 0, 0, 0, 0]
[0, 0, 0, 0, 0, 0, 0, 0, 0, 0, 0, 5, 0, 0, 0, 0, 21, 0, 0, 0, 0, 3, 0, 0, 0, 0, 0, 0, 0, 0]
[0, 0, 0, 0, 0, 0, 0, 0, 3, 0, 0, 9, 1, 0, 0, 0, 23, 0, 0, 10, 0, 7, 0, 0, 6, 0, 0, 0, 0, 0]
[0, 0, 0, 0, 0, 0, 0, 0, 0, 0, 0, 1, 0, 0, 0, 0, 11, 0, 0, 1, 0, 0, 0, 0, 0, 0, 0, 0, 0, 0]
[0, 0, 0, 0, 0, 0, 0, 0, 0, 0, 0, 0, 0, 0, 0, 0, 1, 0, 0, 0, 0, 0, 0, 0, 0, 0, 0, 0, 0, 0]
[0, 0, 0, 0, 0, 0, 0, 0, 0, 0, 0, 0, 0, 0, 0, 0, 4, 0, 0, 0, 0, 1, 0, 0, 0, 0, 0, 0, 0, 0]
[0, 0, 0, 0, 0, 0, 0, 0, 0, 0, 0, 0, 0, 0, 0, 0, 0, 0, 0, 0, 0, 0, 0, 0, 0, 0, 0, 0, 0, 0]
[0, 0, 0, 0, 0, 0, 0, 0, 0, 0, 0, 2, 0, 0, 0, 0, 6, 0, 0, 0, 0, 0, 0, 0, 0, 0, 0, 0, 0, 0]
[6, 0, 0, 0, 0, 0, 0, 0, 16, 0, 0, 26, 1, 0, 0, 0, 136, 1, 0, 8, 0, 50, 0, 0, 20, 0, 2, 0, 0, 0]
[0, 0, 0, 0, 0, 0, 0, 0, 0, 0, 0, 0, 0, 0, 0, 0, 0, 0, 0, 0, 0, 0, 0, 0, 0, 0, 0, 0, 0, 0]
[0, 0, 0, 0, 0, 0, 0, 0, 4, 0, 0, 2, 0, 0, 0, 0, 17, 0, 0, 0, 0, 3, 0, 0, 0, 0, 0, 0, 0, 0]
[0, 0, 0, 0, 0, 0, 0, 0, 0, 0, 0, 217, 1, 1, 0, 0, 98, 0, 0, 1, 0, 26, 0, 0, 1, 0, 1, 0, 0, 0]
[0, 0, 0, 0, 0, 0, 0, 0, 0, 0, 0, 3, 0, 0, 0, 0, 9, 0, 0, 0, 0, 1, 0, 0, 0, 0, 0, 0, 0, 0]
[0, 0, 0, 0, 0, 0, 0, 0, 0, 0, 0, 1, 0, 0, 0, 0, 7, 0, 0, 0, 0, 2, 0, 0, 0, 0, 0, 0, 0, 0]
[0, 0, 0, 0, 0, 0, 0, 0, 0, 0, 0, 1, 0, 0, 0, 0, 1, 0, 0, 0, 0, 0, 0, 0, 0, 0, 0, 0, 0, 0]
[0, 0, 0, 0, 0, 0, 0, 0, 2, 2, 0, 2, 1, 0, 0, 0, 16, 0, 0, 1, 0, 5, 0, 0, 2, 0, 0, 0, 0, 0]
[0, 0, 0, 0, 0, 0, 0, 0, 105, 0, 0, 168, 4, 1, 0, 2, 632, 66, 0, 49, 0, 176, 0, 0, 53, 0, 1, 0, 0, 1]
[0, 0, 0, 0, 0, 0, 0, 0, 38, 0, 0, 3, 1, 1, 0, 0, 88, 0, 0, 3, 0, 63, 0, 0, 5, 0, 0, 0, 0, 0]
[0, 0, 0, 0, 0, 0, 0, 0, 1, 0, 0, 3, 0, 0, 0, 0, 2, 0, 0, 5, 0, 5, 0, 0, 0, 0, 0, 0, 0, 0]
[0, 0, 0, 0, 0, 0, 0, 0, 0, 0, 0, 0, 0, 0, 0, 0, 0, 0, 0, 0, 0, 0, 0, 0, 0, 0, 0, 0, 0, 0]
[0, 0, 0, 0, 0, 0, 0, 0, 0, 0, 0, 1, 0, 0, 0, 0, 60, 0, 0, 0, 0, 9, 0, 0, 0, 0, 3, 0, 0, 0]
[0, 0, 0, 0, 0, 0, 0, 0, 0, 0, 0, 82, 0, 0, 0, 0, 142, 0, 0, 0, 0, 306, 0, 0, 0, 0, 0, 0, 0, 0]
[0, 0, 0, 0, 0, 0, 0, 0, 0, 0, 0, 7, 0, 0, 0, 0, 17, 0, 0, 2, 0, 7, 0, 0, 3, 0, 0, 0, 0, 0]
[0, 0, 0, 0, 0, 0, 0, 0, 1, 0, 0, 45, 0, 0, 0, 0, 34, 1, 0, 3, 0, 13, 0, 0, 0, 0, 0, 0, 0, 0]
[0, 0, 0, 0, 0, 0, 0, 0, 0, 0, 0, 0, 0, 0, 0, 0, 0, 0, 0, 0, 0, 0, 0, 0, 0, 0, 0, 0, 0, 0]
[0, 0, 0, 0, 0, 0, 0, 0, 0, 0, 0, 0, 0, 0, 0, 0, 0, 0, 0, 0, 0, 0, 0, 0, 2, 0, 0, 0, 0, 0]
[0, 0, 0, 0, 0, 0, 0, 0, 12, 0, 0, 27, 0, 0, 0, 0, 87, 0, 0, 1, 0, 26, 0, 0, 4, 0, 0, 0, 0, 0]
[0, 0, 0, 0, 0, 0, 0, 0, 0, 0, 0, 0, 0, 0, 0, 0, 0, 0, 0, 0, 0, 0, 0, 0, 0, 0, 0, 0, 0, 0]
[0, 0, 0, 0, 0, 0, 0, 0, 2, 0, 0, 7, 3, 0, 0, 0, 95, 0, 0, 10, 0, 7, 0, 0, 8, 0, 0, 0, 0, 0]
[0, 0, 0, 0, 0, 0, 0, 0, 1, 0, 0, 14, 0, 0, 0, 0, 50, 0, 0, 2, 0, 5, 0, 0, 2, 0, 0, 0, 0, 0]
Adv precision : 0.0 recall : 0.0
NPastPart precision : 1 recall : 0.0
Prop precision : 1 recall : 0.0
Pron precision : 1 recall : 0.0
Ques precision : 1 recall : 0.0
QuesP precision : 1 recall : 0.0
Dup precision : 1 recall : 0
Punc precision : 0.413513513514 recall : 0.577358490566
APastPart precision : 1 recall : 0.0
Adj precision : 0.0842105263158 recall : 0.0601503759398
Real precision : 0.0 recall : 0
ReflexP precision : 1 recall : 0.0
Verb precision : 0.33282208589 recall : 0.627167630058
NFutPart precision : 0.0 recall : 0.0
AFutPart precision : 0.0 recall : 0.0
Ord precision : 1 recall : 0.0
Card precision : 0.0 recall : 0.0
Noun precision : 0.370457209848 recall : 0.502384737679
Det precision : 0.0 recall : 0.0
Postp precision : 1 recall : 0.0
Range precision : 0.0 recall : 0
DemonsP precision : 1 recall : 0.0
PersP precision : 1 recall : 0.0
Zero precision : 1 recall : 0.0
Num precision : 0.0 recall : 0
Interj precision : 1 recall : 0.0
NInf precision : 0.0 recall : 0.0
Distrib precision : 1 recall : 0
Conj precision : 1 recall : 0.0
APresPart precision : 0.0 recall : 0.0

macro averaged precision 0.573366777852
macro averaged recall 0.0589020411414
macro f1 measure 0.106829476715

micro averaged precision 0.324376731302
micro averaged recall 0.324376731302
micro f1 measure 0.324376731302

accuracy : 0.324376731302
accuracy known : 0.306087696892
accuracy unknown : 0.358445678033
